>KAPPA 1
"Human Kappa Light chain subgroup I"
A 0.001 0.000 0.000 0.000 0.000 0.000 0.000 0.005 0.005 0.000 0.000 0.000 0.000 0.672 0.000 0.000 0.000 0.000 0.000 0.114 0.000
C 0.001 0.748 0.000 0.000 0.000 0.000 0.000 0.000 0.000 0.000 0.000 0.000 0.000 0.000 0.000 0.000 0.000 0.639 0.000 0.000 0.000
D 0.001 0.748 0.000 0.000 0.000 0.000 0.000 0.000 0.000 0.000 0.000 0.000 0.000 0.000 0.000 0.000 0.000 0.639 0.000 0.000 0.000
E 0.001 0.000 0.000 0.022 0.000 0.000 0.038 0.000 0.000 0.000 0.000 0.000 0.000 0.000 0.000 0.000 0.000 0.109 0.000 0.000 0.000
F 0.001 0.000 0.000 0.000 0.000 0.000 0.000 0.000 0.000 0.000 0.000 0.000 0.000 0.000 0.000 0.000 0.000 0.109 0.000 0.000 0.000
G 0.003 0.000 0.000 0.000 0.000 0.000 0.000 0.000 0.000 0.000 0.000 0.000 0.000 0.000 0.000 0.000 0.819 0.000 0.000 0.000 0.000
H 0.001 0.000 0.000 0.000 0.000 0.000 0.000 0.000 0.000 0.000 0.000 0.000 0.000 0.000 0.000 0.000 0.000 0.000 0.000 0.000 0.000
I 0.001 0.000 0.759 0.000 0.000 0.000 0.000 0.000 0.000 0.000 0.000 0.000 0.000 0.000 0.000 0.000 0.000 0.000 0.000 0.000 0.032
K 0.001 0.000 0.000 0.000 0.000 0.000 0.000 0.000 0.000 0.000 0.000 0.000 0.000 0.000 0.000 0.000 0.000 0.000 0.000 0.000 0.000
L 0.001 0.000 0.000 0.000 0.087 0.000 0.000 0.000 0.000 0.000 0.000 0.841 0.000 0.093 0.000 0.000 0.000 0.000 0.000 0.000 0.000
M 0.001 0.000 0.000 0.000 0.721 0.005 0.000 0.000 0.000 0.000 0.000 0.000 0.000 0.000 0.000 0.000 0.000 0.000 0.000 0.000 0.000
N 0.001 0.022 0.000 0.000 0.721 0.005 0.000 0.000 0.000 0.000 0.000 0.000 0.000 0.000 0.000 0.000 0.000 0.000 0.000 0.000 0.000
P 0.001 0.000 0.000 0.000 0.000 0.000 0.000 0.000 0.814 0.000 0.000 0.000 0.022 0.000 0.000 0.120 0.000 0.000 0.000 0.000 0.000
Q 0.003 0.000 0.000 0.710 0.000 0.000 0.803 0.000 0.000 0.000 0.000 0.000 0.000 0.000 0.000 0.000 0.000 0.000 0.000 0.000 0.000
R 0.001 0.000 0.000 0.000 0.000 0.000 0.000 0.000 0.000 0.000 0.000 0.000 0.000 0.000 0.000 0.000 0.005 0.000 0.743 0.000 0.000
S 0.001 0.000 0.000 0.000 0.000 0.000 0.000 0.819 0.000 0.776 0.579 0.000 0.879 0.000 0.798 0.000 0.000 0.000 0.027 0.000 0.000
T 0.001 0.000 0.000 0.000 0.000 0.819 0.000 0.000 0.000 0.011 0.289 0.000 0.000 0.000 0.022 0.000 0.000 0.000 0.000 0.000 0.803
V 0.001 0.000 0.016 0.000 0.000 0.000 0.000 0.000 0.000 0.000 0.000 0.033 0.000 0.000 0.000 0.699 0.000 0.000 0.000 0.683 0.000
W 0.001 0.000 0.000 0.000 0.000 0.000 0.000 0.000 0.000 0.000 0.000 0.000 0.000 0.000 0.000 0.000 0.000 0.000 0.000 0.000 0.000
Y 0.001 0.000 0.000 0.000 0.000 0.000 0.000 0.000 0.000 0.000 0.000 0.000 0.000 0.000 0.000 0.000 0.000 0.000 0.000 0.000 0.000
//
